"V1","V2"
0.887015594602497,0.529581712699565
-0.584382538733292,-1.13454852075106
2.13366278217082,0.682972809478519
0.695853215045502,0.6820549277609
-1.09126484990057,0.0813662906188522

"V1","V2","V3"
0.386870967680422,-1.15145378721984,1.57621913616725
0.537278452472648,-0.107572484659009,-1.49328003597572
0.763125945005235,-0.28285493925548,-0.968441149285837
"V1","V2","V3"
-0.612028000170483,-0.205392985275009,0.236326796364515
1.26429338845952,0.298973309266565,0.154285273667061
0.209570844845207,-1.33381388798408,-1.01997547619644
0.0794451871608174,0.67181973156564,0.31314088150116
